50
10 5
2 1 3 2 1 
0 1 2 0 0 1 1 
2 2 2 2 2 2 0 
2 1 2 2 2 2 0 
0 1 2 1 0 1 0 
0 1 2 1 1 0 0 
0 2 2 2 2 2 0 
1 0 0 0 0 1 2 
0 0 1 1 2 2 2 
2 0 2 2 1 0 2 
0 1 0 0 1 0 2 
10 6
3 1 1 3 3 1 
0 1 2 1 1 0 2 
2 0 2 1 0 1 1 
2 2 2 0 2 2 1 
2 0 1 2 0 2 0 
1 1 0 0 2 2 2 
0 2 1 1 0 1 1 
0 1 2 2 2 0 1 
0 1 2 0 2 0 1 
0 1 0 2 2 2 1 
0 2 0 1 0 1 2 
10 7
1 2 1 3 3 2 3 
2 1 0 0 0 0 0 
1 1 0 2 1 0 2 
0 2 1 2 2 1 0 
1 2 0 0 2 1 1 
2 2 2 0 2 2 1 
2 1 0 2 1 0 2 
1 2 0 1 0 0 1 
0 1 2 2 0 0 0 
0 2 2 2 2 2 1 
1 0 0 0 1 2 2 
10 8
2 2 3 2 3 3 2 1 
2 2 1 1 2 1 1 
1 1 2 1 1 0 0 
2 0 1 0 2 2 1 
2 1 2 2 0 1 1 
1 1 2 2 0 0 1 
2 1 1 2 0 2 2 
1 1 2 0 0 0 0 
1 0 1 0 1 1 0 
1 1 1 0 2 0 0 
0 1 0 1 1 0 2 
10 10
2 2 3 2 1 1 2 3 3 3 
1 0 1 2 1 2 0 
0 0 0 2 0 1 1 
0 2 2 2 2 0 2 
0 0 1 2 1 1 0 
2 0 2 0 0 2 0 
1 2 1 2 2 1 0 
0 1 2 0 1 1 1 
2 2 0 0 1 1 2 
1 1 2 0 2 0 1 
2 0 0 1 2 0 2 
10 9
1 3 2 3 3 2 1 1 3 
1 2 1 2 0 0 2 
0 2 1 0 0 0 0 
2 2 0 2 2 2 1 
0 0 2 0 0 0 1 
0 2 0 2 2 0 1 
2 1 2 1 0 1 1 
1 0 2 1 0 1 2 
0 0 2 2 1 2 2 
0 2 1 2 1 0 2 
0 2 0 1 1 2 0 
10 10
3 3 1 2 2 1 3 1 3 1 
0 2 1 2 2 2 1 
0 0 0 2 0 2 0 
1 2 2 0 1 2 2 
2 2 2 0 1 2 0 
0 0 0 1 1 1 2 
1 1 1 0 0 1 2 
2 0 2 2 2 0 1 
0 2 1 2 1 1 2 
1 0 1 0 2 0 1 
1 1 1 1 1 0 1 
10 10
1 2 3 2 3 2 3 1 1 2 
2 1 2 2 2 1 0 
1 0 2 2 2 2 0 
1 1 0 1 1 1 0 
2 1 1 0 2 1 2 
2 2 0 0 0 2 0 
2 2 0 1 0 1 2 
2 2 1 2 0 2 2 
1 2 1 2 0 0 2 
0 2 1 2 2 1 0 
2 1 2 1 1 2 2 
10 7
3 2 3 2 3 1 2 
1 1 2 2 0 1 0 
0 2 0 2 2 1 2 
2 2 1 2 2 0 2 
2 1 1 2 1 2 2 
2 1 1 2 2 1 0 
2 1 2 1 2 1 1 
2 1 0 1 2 1 0 
2 1 1 0 1 0 1 
2 1 2 0 2 1 0 
0 0 1 0 0 1 0 
10 10
3 3 2 1 2 3 3 3 3 1 
1 2 1 0 0 1 1 
0 0 0 1 0 2 2 
2 2 0 1 1 0 1 
0 1 0 0 2 0 1 
1 2 0 2 1 0 2 
0 2 1 1 2 1 0 
0 1 0 0 1 1 1 
1 0 0 1 2 0 0 
2 2 1 0 2 1 1 
0 0 2 0 2 0 1 
16 11
3 1 2 1 2 2 1 3 2 2 1 
0 2 2 1 1 0 2 
1 1 2 2 0 2 2 
0 2 2 0 1 2 2 
1 0 1 0 1 1 1 
0 2 1 0 2 1 0 
0 1 2 1 1 2 0 
0 2 0 0 1 0 1 
1 0 1 1 0 0 2 
0 1 2 0 0 1 2 
2 0 1 0 2 1 1 
1 1 2 0 1 2 2 
2 0 2 1 0 2 1 
0 1 0 1 0 2 0 
2 2 0 1 2 0 0 
2 1 0 0 1 2 2 
0 2 2 1 2 1 2 
11 8
1 2 2 3 2 1 1 2 
0 1 0 0 2 0 0 
0 0 0 0 2 2 2 
1 2 1 1 0 1 1 
1 1 1 2 1 2 0 
2 1 0 1 0 1 0 
2 1 1 0 1 2 1 
0 1 1 2 0 2 1 
2 0 2 2 1 2 0 
0 0 1 0 2 0 0 
0 1 0 1 0 2 0 
0 1 0 0 2 0 2 
11 7
1 2 1 2 3 1 2 
2 0 1 0 1 1 0 
0 1 0 1 2 1 0 
1 1 2 0 1 1 0 
2 2 2 1 1 1 2 
2 0 2 1 0 2 2 
2 1 2 2 0 0 1 
2 0 0 1 2 1 1 
1 2 2 1 0 2 2 
1 0 1 2 0 0 2 
0 2 0 0 1 0 1 
0 1 0 0 0 1 1 
19 12
2 1 3 3 1 3 2 2 2 3 2 1 
1 2 2 0 2 2 0 
1 2 0 2 0 1 0 
0 2 1 1 0 2 1 
0 2 2 0 0 1 2 
0 0 0 0 0 2 2 
2 0 1 1 0 0 1 
0 0 1 2 1 0 2 
2 2 1 2 1 0 1 
0 2 2 1 2 1 0 
0 1 0 0 0 2 0 
1 1 0 0 1 0 1 
1 1 1 1 2 0 1 
0 0 0 0 0 0 1 
0 2 1 1 0 0 1 
1 0 0 1 1 2 0 
2 0 1 1 2 1 1 
2 0 0 1 1 2 1 
0 0 0 0 0 2 1 
0 1 2 1 0 2 0 
18 11
3 1 1 3 2 3 3 3 2 3 2 
0 1 0 1 1 2 1 
2 0 2 1 2 0 0 
2 2 0 0 1 1 1 
1 1 0 2 0 1 0 
0 0 0 1 2 0 0 
1 0 1 1 2 2 1 
2 2 1 2 2 1 1 
0 1 0 1 1 1 0 
0 2 1 0 2 2 2 
0 0 2 1 2 1 2 
2 0 1 2 2 2 0 
0 0 1 0 0 2 1 
1 2 0 2 0 2 0 
0 0 1 2 2 2 2 
1 2 1 1 0 0 2 
0 2 0 0 2 2 1 
0 0 2 1 0 1 0 
0 2 2 1 1 1 1 
16 16
3 1 1 3 2 3 1 3 2 3 2 2 2 2 3 2 
2 2 0 2 2 2 2 
0 1 2 1 2 0 2 
2 1 1 0 0 2 0 
0 1 0 0 1 2 2 
0 0 2 2 2 0 1 
0 1 2 2 1 2 0 
1 1 1 0 0 0 1 
0 1 1 1 1 0 0 
1 1 2 0 2 1 1 
0 0 2 2 1 2 0 
0 2 0 2 0 2 0 
0 0 2 1 2 0 2 
1 0 0 2 0 2 2 
0 1 2 2 0 0 0 
0 2 1 0 0 1 1 
2 2 1 0 0 0 2 
18 11
2 2 3 1 2 1 2 2 1 1 3 
1 0 1 0 2 1 2 
1 0 0 2 0 1 2 
1 0 1 0 1 0 0 
1 2 1 2 1 0 1 
0 0 1 2 0 2 0 
2 0 1 0 0 2 1 
1 1 0 1 2 0 1 
0 0 2 1 1 2 1 
2 2 0 0 2 2 2 
2 0 2 0 0 1 0 
0 0 2 2 1 0 2 
0 2 2 2 1 0 1 
2 1 1 1 1 1 0 
0 2 0 1 1 1 1 
1 1 1 0 2 0 2 
2 0 1 0 0 2 1 
2 1 0 0 2 1 2 
1 2 1 1 2 2 2 
15 8
1 1 2 1 3 3 2 2 
0 2 1 2 2 1 0 
0 1 0 2 1 0 2 
2 1 1 1 1 2 2 
2 2 2 0 2 2 1 
2 2 0 0 0 0 1 
0 1 0 0 2 2 2 
2 2 2 1 1 1 1 
1 1 0 1 0 2 0 
0 1 1 1 2 2 1 
2 1 0 0 0 2 2 
1 2 0 1 1 2 2 
0 1 1 0 1 1 0 
1 2 1 2 1 2 2 
1 1 0 1 0 1 2 
1 1 1 1 0 2 1 
19 17
1 3 3 3 3 2 3 3 1 2 2 1 2 1 1 1 1 
1 2 2 1 0 0 0 
1 2 1 1 0 0 2 
1 0 2 0 0 0 0 
1 2 0 1 1 0 1 
0 1 2 1 1 0 1 
2 0 1 0 0 0 2 
1 0 1 2 0 1 0 
0 0 1 1 1 2 2 
0 0 2 2 0 0 1 
1 2 0 2 2 2 2 
0 1 2 0 2 2 2 
1 2 1 2 1 1 1 
1 1 1 1 0 2 1 
0 0 2 2 2 2 2 
0 1 0 2 0 1 1 
2 2 1 1 2 2 1 
2 1 2 0 1 0 1 
0 1 2 1 0 1 1 
2 0 0 1 2 2 2 
15 9
3 1 3 1 3 3 3 3 1 
2 1 0 2 0 0 1 
2 2 2 2 0 1 2 
0 2 0 0 0 2 2 
0 1 2 0 2 2 1 
2 2 2 1 1 0 0 
1 1 1 2 1 2 2 
2 2 2 1 1 1 2 
0 1 2 1 0 0 1 
0 1 1 0 0 2 0 
0 2 0 1 0 0 0 
1 2 0 0 0 1 0 
1 0 1 2 1 1 2 
0 2 2 0 0 1 0 
1 0 2 2 2 0 1 
0 1 0 0 0 1 0 
21 10
1 1 3 1 1 1 1 2 3 2 
0 0 0 2 0 1 0 
2 2 1 2 1 1 0 
0 0 0 1 1 1 0 
0 0 2 1 0 1 0 
1 0 1 2 0 1 0 
0 2 0 0 1 2 2 
1 2 2 1 1 2 2 
2 0 1 2 0 2 2 
1 0 2 1 2 0 0 
2 0 2 2 0 0 0 
2 2 2 1 0 1 1 
0 0 1 2 0 1 1 
1 1 2 0 2 0 1 
0 2 2 2 1 2 0 
1 2 0 2 0 2 1 
2 1 0 1 1 1 1 
0 0 0 0 0 0 1 
2 2 2 2 0 2 1 
2 1 2 1 1 1 0 
1 1 0 1 1 2 0 
1 2 2 0 1 0 2 
29 15
2 2 3 3 3 2 2 1 2 1 1 3 3 3 1 
0 1 2 0 1 0 0 
1 0 2 0 2 1 2 
0 2 1 0 1 1 1 
2 2 1 0 2 0 0 
0 2 0 0 0 0 1 
2 0 1 1 1 0 1 
0 2 2 0 2 2 1 
0 2 1 0 2 1 1 
1 2 1 2 0 2 2 
2 0 1 1 0 1 2 
0 2 2 0 1 2 2 
0 2 1 2 1 0 0 
0 0 2 2 1 0 2 
0 2 2 1 2 1 2 
0 2 1 2 0 2 2 
1 2 0 2 1 0 1 
0 2 1 2 1 0 2 
1 0 2 0 0 0 0 
1 0 1 1 1 0 0 
0 1 1 1 0 2 0 
2 0 1 1 1 2 1 
2 0 0 2 1 2 2 
2 1 1 0 1 0 1 
0 1 2 0 1 0 0 
0 1 2 2 2 1 1 
1 1 0 0 0 1 1 
2 2 2 2 1 1 0 
0 0 2 2 0 2 0 
2 0 2 0 0 1 2 
26 22
2 2 1 2 3 1 1 3 1 3 1 1 3 3 3 3 2 3 3 1 2 2 
1 0 2 2 0 2 2 
2 0 0 1 1 0 1 
0 1 2 0 1 2 2 
2 0 0 2 1 0 1 
1 2 1 0 1 2 0 
1 1 2 1 0 0 2 
0 2 1 2 1 2 2 
0 1 0 0 0 0 0 
0 0 1 2 1 0 1 
1 2 2 2 0 2 0 
2 1 1 0 1 2 1 
0 1 1 0 1 2 1 
1 0 2 0 1 1 0 
0 2 0 2 1 1 2 
1 1 1 1 0 1 0 
1 0 0 2 1 1 1 
2 2 0 2 1 1 1 
0 0 2 2 0 1 2 
1 0 2 1 0 1 1 
0 1 2 0 2 0 2 
2 1 0 0 2 1 0 
0 1 0 0 1 2 0 
1 1 1 0 2 1 1 
1 2 2 0 1 0 0 
1 2 0 1 2 1 1 
2 2 1 0 0 2 1 
22 22
2 1 1 3 2 2 3 3 3 3 1 2 1 3 2 1 2 2 3 1 2 2 
1 1 2 2 1 1 2 
2 1 2 1 0 2 0 
2 1 0 1 2 0 2 
2 0 0 1 0 1 2 
2 1 1 0 2 0 1 
1 1 2 2 0 0 1 
1 0 0 2 0 1 2 
1 2 1 0 2 0 1 
0 2 0 0 0 0 1 
2 1 1 1 0 1 2 
2 0 2 1 2 0 2 
1 2 0 2 2 1 0 
0 2 2 2 2 1 1 
0 0 2 1 1 1 1 
0 0 2 0 2 0 1 
1 1 2 1 0 2 0 
1 2 0 1 0 1 0 
1 2 2 0 2 0 1 
0 0 1 2 1 1 0 
1 0 1 1 2 1 0 
1 0 1 0 1 2 2 
1 2 2 0 1 0 0 
30 16
2 2 3 2 1 3 3 3 3 1 1 1 2 3 1 2 
0 0 0 1 2 2 0 
1 1 1 1 0 2 0 
0 0 2 2 0 0 1 
2 0 2 0 0 1 1 
2 2 1 0 0 2 0 
0 2 2 1 2 2 0 
2 2 2 1 0 1 2 
1 0 0 1 2 0 0 
1 0 1 1 0 2 0 
2 1 2 1 1 2 2 
2 0 2 1 1 1 1 
2 2 1 0 2 2 0 
0 1 2 2 0 1 0 
1 0 2 1 2 0 2 
1 0 2 2 1 1 0 
2 2 0 1 1 0 1 
0 0 0 0 1 0 0 
1 1 2 1 0 2 2 
2 1 2 1 0 0 0 
1 2 2 0 0 2 1 
1 2 2 0 0 1 0 
1 2 2 0 2 0 0 
0 2 1 1 2 2 2 
1 2 0 0 0 2 2 
2 1 0 2 2 0 2 
1 0 0 2 0 2 0 
0 0 1 1 2 0 1 
0 1 0 0 2 1 0 
0 0 2 1 1 1 0 
0 1 2 1 2 1 2 
25 19
3 2 2 3 2 2 3 2 3 3 2 1 3 2 1 2 2 2 1 
1 0 0 0 1 1 0 
2 2 0 2 1 0 1 
0 2 1 0 2 2 0 
2 1 0 2 2 1 2 
2 2 1 2 1 1 0 
0 2 1 2 0 2 1 
0 2 2 1 0 2 0 
2 0 1 2 0 0 1 
2 0 1 2 0 1 1 
2 0 0 0 0 2 0 
1 0 1 1 0 1 1 
1 2 2 2 2 2 1 
1 0 1 2 2 2 0 
0 1 0 0 0 2 0 
2 2 2 1 0 1 0 
2 0 1 2 1 1 2 
2 0 0 1 2 0 2 
1 0 0 0 0 1 1 
0 2 2 0 2 0 2 
0 2 1 0 0 1 0 
0 1 0 1 2 0 0 
0 2 2 0 0 0 2 
1 2 0 0 1 1 0 
2 2 2 0 0 0 0 
0 0 1 1 1 0 0 
29 23
3 3 2 2 3 2 3 2 3 3 2 3 2 3 3 2 2 3 3 2 1 2 2 
0 0 2 0 2 2 0 
1 1 2 2 0 2 0 
2 0 1 0 1 0 1 
2 2 1 1 2 1 0 
0 0 2 2 2 2 0 
1 0 1 0 2 2 0 
1 1 1 2 2 1 0 
0 1 0 0 1 2 1 
0 1 0 0 0 0 2 
1 0 1 1 2 0 1 
0 2 2 2 0 2 0 
0 2 2 2 2 0 2 
1 0 1 1 1 1 0 
1 1 2 0 2 2 1 
1 2 0 2 1 1 2 
1 2 0 0 1 1 0 
1 1 1 0 2 1 2 
1 2 1 2 1 0 0 
2 2 1 1 0 0 1 
2 1 0 0 1 1 0 
1 0 1 0 1 1 0 
1 1 2 1 0 1 0 
2 1 1 2 0 2 1 
1 0 1 0 1 2 0 
1 2 2 2 1 2 0 
0 2 0 0 0 1 0 
2 0 0 2 0 1 1 
1 0 1 1 1 2 1 
0 1 0 1 1 0 1 
24 23
1 1 3 1 1 3 3 3 2 1 3 3 3 2 3 3 1 2 2 3 1 1 3 
2 2 0 1 1 2 1 
1 2 2 1 2 1 1 
1 2 0 1 0 2 2 
2 0 1 2 0 1 0 
1 1 0 0 0 0 2 
1 0 2 2 2 1 0 
1 1 1 0 1 0 2 
2 1 0 2 1 2 0 
0 1 0 0 2 2 2 
1 0 2 0 0 0 1 
2 1 0 0 2 2 2 
1 1 1 0 2 0 0 
1 1 0 0 0 0 0 
2 2 2 0 2 0 2 
2 0 1 2 2 0 2 
0 1 2 2 2 0 0 
0 1 2 2 2 0 2 
0 1 1 1 0 2 2 
1 1 0 2 0 1 2 
0 1 0 0 2 1 2 
0 1 1 2 1 1 1 
1 1 0 2 1 1 0 
2 2 0 1 1 2 0 
0 2 0 0 1 0 0 
24 20
2 3 3 1 2 1 1 1 2 2 1 2 2 3 1 1 1 2 3 2 
0 2 2 1 0 1 2 
2 1 1 0 1 2 0 
1 1 1 2 0 2 1 
0 1 1 2 2 2 0 
2 2 1 2 1 1 1 
2 1 1 2 2 0 1 
0 2 2 1 2 0 2 
1 1 0 0 0 2 0 
1 2 0 1 0 0 1 
1 1 1 2 0 0 2 
1 1 2 2 2 1 1 
1 1 1 2 0 0 1 
0 2 0 0 2 1 2 
2 0 1 0 0 0 2 
2 0 1 2 1 2 2 
1 1 0 0 0 1 0 
0 1 1 1 0 2 1 
0 2 0 0 1 1 0 
1 0 2 1 2 1 1 
0 0 0 1 0 2 2 
1 1 0 0 2 0 2 
1 2 2 0 1 1 1 
2 1 1 1 1 2 2 
2 1 1 0 2 1 0 
28 24
1 2 2 1 2 2 1 3 1 1 1 2 3 3 2 2 2 3 3 3 3 2 1 1 
0 2 2 1 2 2 2 
0 0 1 0 2 1 1 
0 0 2 2 0 1 0 
2 1 2 1 0 1 1 
1 1 1 2 2 1 1 
0 2 0 1 2 2 0 
2 0 0 2 0 0 1 
1 1 0 0 1 2 1 
0 0 1 0 1 0 1 
0 0 2 2 2 0 2 
2 1 2 2 1 0 1 
0 1 1 0 0 0 2 
2 0 2 2 2 1 2 
0 1 2 1 0 0 0 
2 1 2 1 2 2 1 
1 2 2 2 1 1 1 
0 2 2 0 1 1 0 
2 1 1 1 2 1 0 
1 0 2 2 2 2 0 
1 0 2 2 1 1 1 
1 2 0 0 0 2 1 
0 2 2 0 0 0 1 
0 2 1 2 0 0 2 
1 0 2 1 2 2 1 
0 2 1 1 2 1 1 
0 1 1 1 0 1 0 
2 0 1 2 0 1 2 
0 1 0 1 2 1 0 
33 32
2 1 2 2 1 2 1 3 2 2 3 2 1 2 1 1 1 1 2 1 3 2 1 2 1 1 2 3 2 3 3 2 
0 0 0 2 1 1 0 
2 1 0 1 0 2 1 
1 1 1 0 2 2 2 
2 1 1 2 1 0 2 
0 2 2 0 0 0 1 
2 1 1 0 1 0 2 
1 0 0 0 0 2 1 
2 1 1 0 0 0 0 
1 0 1 1 1 0 1 
2 2 2 0 2 2 1 
1 1 2 1 2 1 2 
0 1 1 2 1 1 0 
1 0 2 2 1 0 2 
2 2 2 0 2 1 0 
1 1 1 1 2 2 1 
1 0 1 2 1 1 2 
0 1 0 0 0 2 0 
2 1 0 1 0 1 1 
0 0 2 1 2 0 2 
0 2 1 0 1 1 0 
1 2 0 1 2 1 2 
1 2 2 0 2 0 0 
0 2 0 1 2 1 2 
0 1 0 2 1 2 1 
0 2 2 0 2 0 0 
0 1 0 0 1 1 0 
2 0 0 0 0 2 2 
2 1 1 2 1 2 0 
1 2 2 1 0 2 2 
1 2 2 0 1 2 1 
2 2 2 1 0 0 0 
1 0 1 1 0 2 1 
0 1 2 1 2 0 2 
38 16
2 2 2 1 3 1 3 2 1 2 1 3 2 3 3 1 
2 1 1 2 1 2 0 
2 0 1 0 1 0 0 
2 0 0 0 2 1 1 
0 2 0 0 0 0 1 
2 2 2 2 0 2 1 
2 2 1 1 2 1 1 
2 2 2 0 2 1 1 
0 1 2 2 1 2 1 
1 1 0 0 2 0 2 
2 1 2 0 1 1 1 
1 0 1 2 0 2 0 
1 2 0 1 0 1 2 
2 1 1 2 0 0 2 
1 0 0 0 1 0 0 
1 1 1 0 2 1 2 
1 2 2 1 2 0 0 
0 0 1 2 2 2 0 
1 0 0 2 0 1 1 
0 2 2 0 1 0 1 
1 1 1 2 1 2 0 
0 0 0 0 1 0 0 
2 0 2 1 2 1 2 
0 0 0 0 1 0 2 
1 1 1 1 2 2 0 
1 0 1 0 1 1 0 
0 2 2 0 2 2 2 
0 2 0 1 1 1 0 
1 2 0 0 2 1 1 
1 0 0 1 0 2 2 
0 1 2 2 1 1 1 
2 1 1 2 2 0 1 
0 1 0 1 2 1 1 
2 2 0 1 1 1 2 
2 2 0 2 1 2 2 
2 0 2 2 2 1 1 
0 0 2 0 1 0 2 
1 2 0 1 1 0 2 
2 2 2 0 1 1 2 
33 21
3 3 3 3 1 3 2 1 2 2 1 1 2 1 1 3 3 1 3 3 3 
2 1 2 2 2 0 0 
2 2 2 2 1 0 2 
0 0 0 1 1 0 0 
0 1 0 2 0 0 0 
2 0 1 0 2 0 1 
0 1 2 0 0 0 2 
1 0 1 2 1 2 1 
0 2 2 1 1 1 1 
1 1 1 2 2 0 2 
0 1 2 1 2 1 1 
2 1 1 1 1 2 1 
0 2 0 1 2 0 2 
2 1 1 2 0 0 2 
0 0 2 2 0 1 1 
1 2 2 0 2 2 2 
2 2 1 1 2 1 1 
0 2 0 1 2 1 2 
0 2 2 1 0 1 0 
2 1 2 1 2 0 2 
0 1 2 2 0 2 2 
0 2 1 2 1 2 1 
0 0 1 2 0 1 0 
1 0 2 1 0 1 0 
1 1 0 1 1 1 2 
0 0 0 1 0 0 2 
0 0 2 1 2 2 1 
0 0 1 1 1 1 1 
2 1 2 1 2 2 0 
0 1 0 0 2 1 0 
1 1 0 1 1 1 0 
1 2 0 1 1 0 0 
1 0 0 0 0 2 1 
1 1 0 0 1 0 0 
35 20
2 1 2 2 2 3 1 1 2 3 3 2 3 2 1 2 2 1 3 2 
0 0 1 0 0 2 1 
0 0 1 0 1 2 1 
0 2 0 1 2 0 0 
2 0 2 1 1 2 1 
1 0 2 1 1 0 2 
2 0 2 1 1 2 0 
1 1 2 2 1 2 1 
0 2 1 1 1 0 1 
1 2 0 0 0 2 0 
1 2 2 1 2 1 2 
2 0 1 2 0 2 0 
2 1 0 2 0 2 2 
2 1 0 0 2 1 1 
0 2 1 1 0 0 2 
1 0 2 2 2 0 2 
1 1 0 1 0 1 2 
0 0 1 0 1 1 1 
1 1 0 0 1 1 0 
0 1 2 0 2 2 1 
1 1 1 1 0 0 0 
2 2 1 2 0 0 1 
2 0 2 0 0 2 0 
2 1 1 1 2 1 1 
2 0 0 1 1 1 1 
0 2 2 0 2 0 2 
0 2 0 1 2 0 2 
0 1 2 0 2 1 1 
2 2 2 1 0 0 2 
0 2 0 1 2 1 1 
0 1 0 1 0 1 0 
2 0 1 0 1 1 1 
2 1 2 2 2 1 0 
2 2 1 0 1 1 0 
2 2 0 1 1 1 2 
1 0 0 0 2 1 1 
38 25
1 2 3 2 3 1 2 3 1 2 2 1 1 1 3 1 1 3 1 1 3 2 3 3 1 
2 1 2 2 0 2 1 
0 2 0 1 2 1 1 
1 0 1 0 2 2 0 
1 1 2 2 2 0 0 
0 1 0 1 1 0 1 
2 1 1 2 2 0 0 
0 2 1 0 0 1 0 
1 2 1 2 1 0 1 
1 1 2 0 0 1 1 
1 0 1 0 1 2 1 
1 1 0 2 1 2 1 
0 2 1 2 1 0 0 
2 0 1 2 2 1 0 
0 2 0 1 2 0 1 
2 2 2 0 1 0 1 
2 0 1 1 0 0 0 
2 2 1 0 0 2 2 
1 0 2 0 2 0 2 
0 1 1 2 0 2 2 
0 0 2 0 1 1 0 
1 0 2 0 2 2 1 
0 2 2 0 2 2 2 
2 2 1 1 0 2 2 
2 0 2 0 1 2 1 
1 2 0 2 2 1 2 
2 2 1 2 1 1 0 
2 2 1 1 0 2 0 
2 2 2 2 0 2 1 
0 1 2 2 0 2 0 
2 1 1 1 1 1 1 
0 1 1 1 1 2 2 
0 1 0 0 0 0 2 
1 1 2 2 1 1 0 
0 0 0 1 2 1 1 
2 0 2 1 0 0 2 
0 1 0 0 0 1 1 
0 1 1 2 2 0 1 
1 0 2 0 0 1 1 
33 30
3 3 1 3 3 1 1 3 3 3 1 3 2 3 3 2 2 2 1 2 3 3 2 3 3 2 1 3 2 2 
1 0 0 0 1 2 1 
1 1 1 1 0 0 0 
2 0 2 0 0 1 2 
1 2 2 1 0 2 2 
1 1 1 2 1 2 0 
0 0 1 2 1 1 2 
2 2 2 1 2 2 1 
2 2 2 1 2 0 2 
2 1 0 0 1 2 0 
1 1 2 0 2 2 0 
1 0 2 0 0 2 0 
2 1 2 2 1 0 0 
1 1 0 2 0 0 0 
0 2 2 1 2 1 0 
1 0 2 2 2 0 0 
0 2 0 2 2 1 0 
1 1 1 1 1 2 2 
0 2 2 0 2 0 0 
1 2 0 2 0 0 0 
0 0 0 0 0 0 2 
1 1 2 1 0 2 0 
2 1 1 2 1 2 2 
0 1 2 1 2 2 1 
2 2 0 2 0 1 2 
0 2 1 0 2 0 1 
2 1 2 2 1 1 2 
1 0 1 2 1 1 2 
2 0 1 2 2 2 0 
2 2 1 1 2 2 2 
0 2 0 2 2 2 1 
0 1 0 0 1 1 2 
2 2 2 2 2 1 1 
0 0 1 1 2 1 2 
33 24
2 1 2 1 1 1 3 1 1 3 2 3 3 3 3 1 3 1 1 3 1 1 2 2 
2 0 1 0 2 0 0 
0 1 2 2 1 1 1 
0 2 1 2 0 1 2 
1 2 1 1 2 0 0 
0 2 0 0 1 1 0 
0 0 1 1 1 2 1 
0 0 0 2 2 0 0 
0 0 2 1 0 0 0 
0 1 0 0 2 1 0 
0 1 0 2 2 0 0 
0 0 1 2 2 2 1 
1 2 0 0 1 1 1 
0 0 2 2 1 0 1 
0 2 1 1 1 2 2 
0 2 1 1 0 2 0 
1 0 1 1 1 0 1 
2 2 0 2 2 0 0 
1 0 2 2 2 2 2 
0 0 1 1 0 1 2 
1 0 2 2 1 1 1 
2 2 1 0 1 1 2 
1 2 2 1 2 0 2 
1 1 1 1 0 0 0 
1 0 2 2 2 1 1 
0 0 1 1 2 1 2 
0 2 2 1 0 0 1 
0 1 1 0 1 1 2 
1 1 2 1 0 2 1 
2 1 1 2 1 0 0 
1 0 0 1 2 2 0 
1 1 0 0 0 0 2 
2 1 1 2 2 0 2 
2 0 2 1 2 2 2 
40 28
2 3 3 2 2 3 3 1 1 3 1 3 2 2 1 1 2 2 3 3 1 3 1 2 3 3 2 1 
1 1 1 2 0 0 0 
1 0 2 2 2 1 1 
0 1 1 2 1 0 2 
1 0 1 2 0 0 1 
1 0 0 2 0 2 0 
0 2 0 1 0 0 2 
2 1 1 2 2 1 2 
2 2 1 1 0 2 0 
2 2 0 0 2 2 0 
1 2 0 0 1 0 0 
0 2 2 0 2 0 1 
1 0 0 2 1 2 2 
1 1 0 1 1 0 2 
0 1 2 2 0 0 1 
0 2 0 0 0 1 0 
0 1 0 1 2 0 0 
0 1 1 2 0 0 1 
0 0 2 2 0 2 0 
1 1 0 1 0 1 0 
0 2 0 1 0 1 2 
2 0 1 2 0 2 1 
1 2 2 2 1 2 0 
0 0 0 0 2 2 2 
2 0 1 0 0 0 1 
1 1 1 1 1 0 0 
2 0 1 2 2 2 2 
1 2 1 2 2 0 1 
1 2 0 2 2 0 0 
0 2 0 0 2 2 0 
0 2 1 0 2 2 0 
2 1 2 0 2 1 1 
1 1 1 1 0 2 1 
0 0 1 2 2 1 2 
2 1 2 0 0 2 0 
0 0 0 2 0 1 0 
0 2 1 1 2 2 2 
1 0 0 2 0 2 0 
0 0 1 0 2 2 0 
0 2 1 0 0 1 2 
1 1 1 1 0 2 0 
33 26
2 3 3 1 2 3 3 1 2 2 2 1 3 2 3 1 2 3 2 1 3 3 1 3 2 3 
2 1 0 2 0 1 2 
0 2 1 2 2 0 1 
2 2 0 0 0 2 1 
2 2 1 2 0 0 1 
1 0 2 1 2 1 1 
1 2 0 0 0 0 2 
0 2 1 1 1 1 0 
2 0 0 2 0 0 0 
1 1 2 2 0 1 2 
2 2 0 1 1 1 2 
0 1 0 0 1 2 1 
0 2 2 0 2 0 0 
1 2 1 1 0 2 1 
2 0 0 1 0 2 1 
0 0 1 0 1 2 0 
1 0 2 0 2 2 1 
0 0 1 0 1 2 1 
1 1 2 2 0 1 2 
2 0 1 1 1 0 1 
0 1 1 1 2 2 2 
0 1 0 1 1 0 0 
0 2 2 2 1 1 2 
0 0 2 0 2 2 1 
0 0 0 2 1 1 1 
0 0 2 0 1 0 2 
0 1 1 2 0 2 2 
1 2 1 0 2 1 1 
0 1 0 1 2 0 0 
2 0 0 2 2 0 0 
0 1 2 2 2 2 0 
2 0 1 0 0 1 0 
2 2 1 2 2 0 0 
2 0 1 0 2 1 0 
35 33
3 3 3 2 1 3 2 1 2 2 1 1 1 1 1 2 2 1 1 1 2 2 1 1 3 3 2 3 2 1 3 1 3 
2 0 2 1 1 1 1 
1 2 0 1 0 0 1 
1 2 2 2 0 1 2 
2 1 1 2 0 1 1 
2 1 1 1 2 2 2 
0 1 2 1 2 0 2 
0 2 0 1 1 1 2 
2 2 0 2 0 0 1 
0 2 2 1 0 0 2 
0 2 1 2 1 2 0 
0 0 0 0 1 0 1 
0 1 1 0 2 0 2 
0 1 0 2 2 1 1 
2 2 1 0 1 0 2 
1 0 1 1 2 0 2 
0 2 1 1 0 2 1 
2 0 0 1 0 0 2 
2 1 1 0 0 1 1 
2 1 1 1 1 1 1 
2 1 0 1 0 1 0 
0 2 1 1 1 1 1 
0 0 1 0 0 1 2 
0 0 2 1 2 1 2 
2 2 1 2 0 2 0 
2 0 2 1 2 0 1 
0 1 2 2 2 1 2 
2 0 0 2 0 2 2 
0 1 0 0 0 2 0 
1 1 0 0 2 2 0 
1 1 1 2 2 0 0 
0 1 0 2 1 0 1 
1 0 0 1 0 0 1 
2 2 2 0 0 2 1 
0 1 2 1 0 0 0 
0 1 0 1 0 0 0 
50 36
3 3 3 3 2 3 1 3 1 1 1 1 1 1 3 1 2 2 1 1 2 1 1 3 2 3 3 3 2 3 3 1 3 2 1 2 
2 1 0 1 2 2 1 
0 1 2 1 2 0 0 
1 1 2 0 1 1 0 
1 1 0 0 2 1 1 
1 0 0 1 1 1 2 
1 1 2 1 1 2 1 
2 1 1 1 2 0 2 
0 1 2 2 2 0 1 
1 1 1 0 0 1 2 
2 0 2 2 2 0 2 
0 1 0 0 0 2 1 
1 1 0 2 0 1 0 
0 1 1 2 2 0 2 
2 2 0 0 2 2 2 
2 0 1 0 2 2 2 
1 2 0 2 1 1 1 
1 0 1 0 2 0 2 
2 1 0 1 1 0 1 
1 0 0 0 1 2 2 
1 2 0 2 0 2 1 
2 0 1 1 2 0 1 
0 0 2 1 0 2 1 
2 2 2 0 0 0 1 
2 1 2 2 1 1 1 
0 0 0 2 2 2 1 
0 2 0 2 0 1 1 
1 1 1 0 2 1 1 
1 2 0 2 2 0 0 
1 0 0 2 1 2 0 
2 0 0 0 1 2 2 
2 1 2 1 1 1 0 
1 0 0 0 1 2 0 
1 0 0 2 1 2 2 
0 2 2 2 2 0 2 
2 2 1 0 0 1 1 
2 2 1 1 1 1 2 
0 2 2 1 2 2 2 
1 1 0 2 1 2 0 
1 1 1 0 0 1 2 
0 1 2 1 0 2 2 
0 1 2 2 2 1 1 
1 0 0 2 2 2 1 
2 1 1 1 2 1 2 
2 1 0 1 0 0 1 
2 0 2 2 0 1 0 
0 0 0 2 2 2 0 
2 1 2 1 1 1 0 
1 0 0 1 2 1 1 
1 0 0 1 2 2 1 
2 0 2 1 1 1 1 
41 33
2 3 1 2 2 2 2 2 1 2 2 3 3 1 3 1 2 2 1 1 3 1 2 1 1 3 3 1 1 2 1 3 2 
0 1 0 2 0 2 1 
2 0 0 1 1 2 0 
2 2 0 0 1 0 0 
2 1 1 2 0 0 1 
1 1 0 0 0 0 0 
2 0 1 1 1 1 0 
2 1 2 2 2 2 2 
0 0 1 2 1 0 1 
2 2 1 0 1 2 1 
2 2 0 1 0 2 0 
0 2 1 2 2 0 1 
1 1 2 0 1 0 1 
0 2 0 0 2 2 1 
0 2 1 2 0 1 2 
0 2 0 2 2 1 2 
0 1 1 2 0 0 1 
0 1 2 2 2 2 2 
0 2 2 0 1 1 2 
2 0 2 1 1 0 1 
2 0 2 2 1 1 2 
0 1 2 0 1 1 0 
1 1 0 2 2 2 1 
1 1 2 2 1 1 0 
1 0 2 2 2 0 0 
1 0 2 1 2 0 2 
2 1 0 2 1 2 2 
2 1 0 1 0 1 2 
2 2 2 0 2 0 2 
1 1 2 2 0 1 1 
1 2 2 0 0 1 2 
2 1 0 2 2 0 1 
0 0 1 1 1 2 1 
2 2 2 0 2 0 0 
2 2 0 1 1 2 2 
1 0 1 0 1 0 2 
1 2 0 0 0 1 1 
0 1 0 0 1 0 0 
0 2 0 1 1 0 2 
1 1 1 0 2 1 2 
2 1 2 0 0 1 0 
2 0 2 0 2 2 1 
42 35
1 1 3 1 2 2 3 3 2 3 1 2 2 3 1 3 3 2 3 3 3 1 1 1 3 3 1 1 1 3 2 3 1 1 2 
2 1 1 0 2 0 1 
0 1 1 2 1 2 0 
1 1 0 2 0 2 0 
0 1 0 1 0 2 2 
2 2 1 0 1 0 1 
2 2 1 0 0 1 1 
0 1 1 2 2 1 1 
2 2 0 1 1 2 0 
1 2 0 2 2 1 0 
0 0 2 0 0 1 2 
2 2 2 2 1 1 0 
0 2 0 1 2 0 0 
2 0 2 2 1 0 2 
0 0 2 1 1 1 1 
0 1 0 2 0 0 2 
2 0 2 1 2 1 1 
2 0 0 2 1 1 0 
2 0 2 1 0 2 1 
0 2 0 0 2 0 2 
0 2 0 1 2 0 0 
0 0 2 0 2 1 2 
1 0 2 2 0 1 2 
1 0 2 0 1 2 2 
2 2 2 1 0 2 0 
0 1 0 1 1 1 2 
2 0 1 0 0 2 1 
0 0 2 1 1 1 2 
0 2 0 1 1 2 0 
0 2 0 0 0 2 0 
1 2 1 2 1 2 1 
2 2 1 1 2 2 0 
2 2 2 2 1 0 0 
2 2 1 2 0 2 2 
0 1 0 0 0 1 0 
1 0 0 1 1 0 1 
2 0 1 1 1 1 0 
1 2 0 1 1 2 2 
2 0 2 0 0 0 0 
0 1 2 2 1 0 2 
0 2 0 1 2 2 1 
2 2 0 1 0 2 0 
2 0 2 0 0 0 2 
43 34
3 3 3 1 2 1 1 3 1 1 1 3 3 1 3 1 2 2 1 1 2 1 3 2 2 1 1 2 1 2 2 3 3 3 
2 1 0 1 1 0 0 
2 0 1 2 0 1 1 
0 2 1 2 2 1 0 
1 0 0 0 2 0 1 
0 0 0 1 1 1 1 
0 1 0 2 2 2 1 
2 0 2 0 0 1 2 
1 0 0 0 2 1 1 
1 1 1 2 0 1 0 
1 2 1 0 0 1 0 
1 1 1 0 1 2 1 
0 2 0 2 1 1 2 
2 1 1 2 0 1 1 
1 0 0 2 2 2 0 
2 2 0 1 1 0 1 
1 2 0 2 2 1 1 
0 0 0 2 1 0 0 
1 0 1 1 0 1 1 
0 0 0 1 1 1 1 
1 1 2 0 2 1 0 
2 2 0 0 0 0 0 
2 1 2 1 0 0 2 
0 1 0 0 2 0 1 
0 0 2 0 2 2 0 
2 0 1 0 1 1 0 
2 1 1 0 0 1 2 
0 2 0 1 2 2 1 
1 0 1 1 0 2 1 
0 0 0 2 1 1 2 
0 0 2 2 0 0 0 
1 0 2 2 2 1 1 
0 2 2 1 0 1 0 
1 0 0 2 0 0 1 
0 2 2 2 1 2 1 
1 2 2 1 0 1 1 
0 1 2 1 0 0 1 
2 0 0 2 2 0 0 
0 2 2 2 0 1 2 
1 1 2 1 1 0 1 
0 1 1 0 0 0 1 
1 1 2 0 0 2 1 
0 1 1 1 1 1 1 
0 2 0 0 2 1 1 
42 41
1 1 3 3 1 1 2 2 3 1 2 1 2 3 1 3 3 2 3 1 2 3 3 2 2 2 3 3 2 3 2 1 2 3 2 1 1 2 1 3 1 
2 1 2 2 1 1 0 
2 0 1 0 1 1 0 
0 2 2 1 0 1 1 
0 1 1 0 1 0 0 
2 1 0 2 0 1 2 
2 2 2 1 2 0 2 
1 1 2 2 1 0 2 
0 1 2 2 0 2 1 
1 1 0 2 0 2 0 
1 2 1 1 0 0 2 
0 0 0 2 1 1 1 
2 1 0 0 1 0 0 
2 2 1 0 2 2 1 
1 1 1 0 2 2 1 
2 2 2 2 1 0 1 
1 0 2 0 1 2 0 
0 2 0 0 2 2 1 
1 2 2 1 1 1 0 
0 0 0 0 0 1 0 
2 0 2 2 1 2 2 
1 0 0 2 1 2 2 
2 2 2 1 2 0 0 
0 2 2 2 0 2 1 
0 2 2 1 2 1 1 
0 1 1 0 1 2 2 
0 1 2 0 0 1 1 
1 0 0 2 0 0 1 
0 1 2 2 2 2 0 
2 2 0 0 2 1 1 
2 2 0 0 1 2 1 
1 0 1 1 0 0 2 
2 2 0 1 0 2 2 
0 1 0 2 1 0 1 
2 0 0 2 1 0 1 
1 0 0 0 1 1 1 
0 2 2 0 0 1 1 
0 1 2 1 1 0 1 
2 2 0 0 1 0 1 
0 2 1 1 0 2 1 
1 1 1 0 1 2 2 
2 1 2 1 0 2 2 
1 2 2 0 0 1 2 
42 41
3 3 1 3 3 3 1 3 2 1 2 2 1 3 1 3 1 3 1 3 1 3 1 2 3 1 3 1 3 2 3 3 1 3 1 1 1 3 3 3 2 
1 1 0 1 2 0 1 
2 2 1 2 0 1 0 
0 0 2 0 2 0 1 
0 1 1 0 0 1 1 
2 2 0 0 2 2 2 
1 1 0 2 1 2 2 
2 1 2 1 2 2 0 
2 0 1 0 2 2 2 
2 1 2 2 2 0 2 
1 2 2 2 1 2 0 
1 1 1 1 0 1 0 
1 2 1 0 1 0 1 
2 1 2 1 0 1 0 
0 1 2 0 0 0 2 
1 2 2 0 2 2 1 
0 0 1 1 0 2 1 
2 1 1 1 2 0 1 
1 2 0 0 2 1 0 
2 2 1 1 1 1 1 
0 2 1 1 2 1 1 
1 2 2 0 0 0 2 
1 0 0 1 1 2 1 
2 0 2 0 0 2 1 
2 1 1 0 0 2 2 
2 0 1 0 0 1 1 
0 2 2 2 0 1 1 
2 2 0 0 1 0 2 
1 2 2 2 2 1 0 
1 0 2 1 2 0 2 
2 2 2 1 1 0 0 
0 2 1 0 1 1 2 
1 2 2 2 1 2 1 
0 2 0 1 1 2 1 
2 2 0 2 1 1 2 
0 0 0 1 0 0 2 
2 2 0 0 0 0 0 
1 0 0 1 2 0 1 
1 0 2 1 1 1 0 
0 0 2 1 2 1 0 
2 2 1 1 0 1 1 
0 1 2 0 1 1 2 
2 0 0 0 2 2 1 
45 44
2 1 2 2 1 1 1 2 1 1 2 3 3 1 1 3 1 2 3 1 3 1 3 2 3 3 2 2 1 1 1 2 2 3 3 3 3 3 2 2 2 2 2 1 
1 1 0 2 2 2 1 
0 1 2 1 0 0 0 
0 0 0 2 2 1 0 
1 2 1 1 2 2 2 
1 1 2 0 1 0 2 
0 1 1 1 2 2 0 
1 2 0 0 1 1 2 
2 2 1 2 2 1 0 
1 2 0 1 0 0 1 
0 1 1 0 1 1 1 
0 0 0 0 0 0 1 
0 2 2 2 2 2 1 
0 1 2 2 0 0 2 
0 1 2 0 0 0 0 
0 1 2 2 0 0 0 
0 0 2 2 2 2 0 
2 2 2 0 2 1 0 
1 2 0 1 0 0 1 
2 2 2 1 2 0 0 
2 1 2 2 1 1 0 
2 1 0 2 1 2 2 
0 1 1 2 2 0 2 
0 1 0 1 0 2 0 
1 0 0 1 1 1 1 
2 2 1 2 0 1 2 
0 1 1 2 1 0 2 
1 2 1 2 2 1 0 
1 2 2 2 1 2 1 
2 1 1 1 2 1 2 
0 1 0 1 0 1 2 
1 1 1 1 0 0 1 
2 0 2 2 2 2 2 
2 0 2 2 2 1 2 
2 0 2 1 0 0 1 
1 1 0 2 2 2 0 
0 1 2 1 1 0 1 
1 2 2 1 2 1 1 
2 1 2 1 1 2 0 
1 0 0 1 0 1 0 
2 2 0 0 2 1 2 
0 1 1 2 2 1 1 
1 1 1 1 0 1 2 
2 0 2 1 1 0 0 
1 0 1 0 2 0 1 
2 1 0 0 0 1 1 
44 40
2 3 2 2 1 1 1 3 1 2 1 3 3 1 2 1 1 1 2 1 3 1 3 1 3 2 3 3 3 1 2 2 3 2 3 2 1 1 1 3 
2 0 2 1 2 1 2 
2 2 0 2 1 2 1 
0 2 0 1 2 2 2 
0 0 1 0 2 2 0 
2 0 2 2 1 2 1 
2 2 0 0 1 0 2 
0 1 2 0 1 0 0 
0 1 1 2 2 0 0 
2 1 1 0 1 2 1 
2 0 2 2 1 1 1 
0 2 1 1 2 0 2 
2 2 0 0 1 1 0 
0 1 2 1 2 0 1 
1 1 2 1 0 0 1 
0 0 1 0 0 2 2 
2 2 1 1 2 1 0 
2 0 2 1 0 1 0 
1 1 0 1 1 1 1 
2 1 2 1 2 1 0 
1 0 2 2 2 0 0 
0 1 0 1 0 0 2 
0 2 1 2 2 2 1 
0 1 2 0 2 1 0 
1 1 0 2 0 1 2 
0 1 1 1 0 1 2 
0 2 0 1 0 2 2 
2 2 0 2 1 0 2 
0 0 0 2 0 0 1 
1 2 0 1 1 1 2 
0 1 1 0 2 2 2 
2 2 2 1 2 1 2 
1 0 0 0 1 1 0 
1 2 2 0 0 1 2 
2 2 2 0 0 1 2 
2 1 0 0 1 0 2 
0 0 2 0 1 0 0 
2 1 1 2 0 0 1 
1 1 1 2 1 2 0 
1 2 1 2 1 0 0 
2 2 0 2 0 1 2 
1 2 0 0 1 0 2 
2 1 2 2 1 1 0 
1 1 0 0 1 1 0 
2 0 2 1 0 1 0 
49 24
1 3 2 2 2 3 3 1 1 2 2 1 1 1 3 2 2 3 3 2 1 2 1 3 
0 0 0 1 2 1 2 
1 2 0 1 0 2 2 
1 2 1 2 0 1 1 
2 0 1 0 0 0 0 
0 2 2 1 0 2 1 
2 2 1 1 1 1 0 
0 1 2 2 1 0 0 
2 1 2 2 0 1 1 
0 0 2 0 2 1 1 
0 0 0 0 2 1 2 
1 2 0 2 1 0 2 
2 0 1 0 0 2 1 
0 1 2 0 1 2 1 
2 0 2 0 2 2 1 
1 2 0 0 0 1 0 
2 1 1 0 2 0 1 
2 2 1 0 1 1 1 
0 0 0 2 1 0 1 
2 2 0 0 0 2 2 
2 2 1 0 1 1 0 
0 2 2 0 0 0 0 
2 1 1 2 2 2 0 
2 2 1 1 0 2 1 
1 2 0 0 0 1 2 
1 1 1 0 1 1 0 
0 0 2 0 2 0 2 
2 0 0 0 0 0 2 
1 0 0 1 1 0 0 
0 0 0 1 0 1 1 
1 1 0 2 0 1 2 
2 0 1 0 0 1 2 
1 2 1 2 0 0 2 
2 0 2 0 0 0 1 
1 2 0 1 2 2 2 
1 0 0 1 0 1 1 
2 2 0 0 1 2 2 
0 2 0 1 0 2 1 
1 1 2 0 0 2 0 
2 1 2 1 1 2 2 
0 2 2 2 1 1 1 
1 2 2 2 2 1 1 
2 2 1 0 0 2 1 
0 0 2 2 2 2 2 
2 1 2 0 1 0 2 
0 2 1 1 2 1 0 
2 0 2 2 1 2 2 
0 1 2 0 0 0 2 
0 2 0 0 2 2 0 
2 2 1 1 1 2 2 
45 42
1 1 1 2 1 1 2 3 2 1 3 1 1 3 2 2 3 2 3 2 2 3 2 2 2 2 3 1 3 1 2 3 1 2 1 3 1 3 1 1 2 1 
1 0 0 0 0 1 0 
0 0 1 0 0 2 0 
0 2 2 2 2 1 2 
0 1 0 1 0 0 2 
1 2 1 1 2 1 2 
1 1 0 1 1 0 2 
2 0 0 2 2 2 0 
0 1 0 1 0 0 2 
2 0 1 2 1 1 2 
2 0 1 0 1 1 1 
1 1 2 2 0 2 1 
2 2 2 2 1 1 1 
0 0 2 1 1 0 1 
2 0 0 0 1 0 2 
0 1 0 0 2 1 2 
2 1 1 1 0 1 0 
2 0 2 0 1 2 2 
0 0 2 2 2 2 1 
1 0 2 1 0 1 0 
1 1 1 1 2 1 0 
2 0 0 0 1 0 0 
2 0 2 1 2 0 0 
1 1 0 0 0 1 2 
0 1 1 1 2 0 0 
0 2 1 0 0 1 2 
0 0 0 0 0 2 1 
0 1 1 0 1 0 1 
1 2 1 1 2 1 2 
1 0 2 2 2 0 1 
2 2 2 1 0 1 1 
2 2 1 2 1 0 1 
2 0 2 0 1 1 2 
2 0 1 1 1 0 2 
1 0 0 2 0 0 0 
0 1 2 0 0 1 0 
0 2 2 1 1 0 1 
2 2 2 0 2 0 1 
0 1 0 2 1 2 2 
1 2 2 1 0 1 0 
1 1 2 2 2 1 2 
1 0 2 0 0 0 2 
1 1 0 2 0 2 1 
2 0 0 1 1 1 0 
0 1 1 0 2 2 2 
1 2 2 1 2 1 1 
