92
2
11
11
2
01
00
2
10
00
2
00
10
2
00
01
4
0101
0110
0110
0101
4
1001
0000
0000
1001
5
01110
01010
10001
01010
01110
5
00100
01010
10001
01010
01110
2
11
00
2
00
11
2
10
01
2
01
10
2
11
11
2
10
10
2
11
10
2
11
01
2
01
11
2
10
11
3
111
000
111
3
111
001
111
3
111
010
111
3
111
111
111
3
111
101
111
3
111
101
101
3
110
101
011
3
010
101
010
3
110
101
011
3
000
101
000
3
110
101
011
3
010
000
010
4
1101
0110
0110
1101
4
1001
0110
0110
1001
4
1001
0111
0110
1001
4
1001
0100
0110
1001
4
1000
0000
0000
1001
4
1000
0000
0000
0001
4
1001
0000
0000
0001
4
0000
0000
0010
0000
32
00000000000000011000000000000000
00000000000000100100000000000000
00000000000001000010000000000000
00000000000010000001000000000000
00000000000100000000100000000000
00000000001000000000010000000000
00000000010000000000001000000000
00000000100000000000000100000000
00000001000000000000000010000000
00000010000000000000000001000000
00000100000000000000000000100000
00001000000000000000000000010000
00010000000000000000000000001000
00100000000000000000000000000100
01000000000000000000000000000010
10000000000000000000000000000001
10000000000000000000000000000001
01000000000000000000000000000010
00100000000000000000000000000100
00010000000000000000000000001000
00001000000000000000000000010000
00000100000000000000000000100000
00000010000000000000000001000000
00000001000000000000000010000000
00000000100000000000000100000000
00000000010000000000001000000000
00000000001000000000010000000000
00000000000100000000100000000000
00000000000010000001000000000000
00000000000001000010000000000000
00000000000000100100000000000000
00000000000000011000000000000000
32
00000000000000011000000000000000
00000000000000100100000000000000
00000000000001000010000000000000
00000000000010000001000000000000
00000000000100000000100000000000
00000000001000000000010000000000
00000000010000000000001000000000
00000000100000000000000100000000
00000001000000000000000010000000
00000010000000000000000001000000
00000100000000000000000000100000
00001000000000000000000000010000
00010000000000000000000000001000
00100000000000000000000000000100
01000000000000000000000000000010
10000000000000011000000000000001
10000000000000000000000000000001
01000000000000000000000000000010
00100000000000000000000000000100
00010000000000000000000000001000
00001000000000000000000000010000
00000100000000000000000000100000
00000010000000000000000001000000
00000001000000000000000010000000
00000000100000000000000100000000
00000000010000000000001000000000
00000000001000000000010000000000
00000000000100000000100000000000
00000000000010000001000000000000
00000000000001000010000000000000
00000000000000100100000000000000
00000000000000011000000000000000
32
00000000000000011000000000000000
00000000000000100100000000000000
00000000000001000010000000000000
00000000000010000001000000000000
00000000000100000000100000000000
00000000001000000000010000000000
00000000010000000000001000000000
00000000100000000000000100000000
00000001000000000000000010000000
00000010000000000000000001000000
00000100000000000000000000100000
00001000000000000000000000010000
00010000000000000000000000001000
00100000000000000000000000000100
01000000000000000000000000000010
00000000000000011000000000000000
00000000000000011000000000000000
01000000000000000000000000000010
00100000000000000000000000000100
00010000000000000000000000001000
00001000000000000000000000010000
00000100000000000000000000100000
00000010000000000000000001000000
00000001000000000000000010000000
00000000100000000000000100000000
00000000010000000000001000000000
00000000001000000000010000000000
00000000000100000000100000000000
00000000000010000001000000000000
00000000000001000010000000000000
00000000000000100100000000000000
00000000000000011000000000000000
32
00000000000000011000000000000000
00000000000000100100000000000000
00000000000001000010000000000000
00000000000010000001000000000000
00000000000100000000100000000000
00000000001000000000010000000000
00000000010000000000001000000000
00000000100000000000000100000000
00000001000000000000000010000000
00000010000000000000000001000000
00000100000000000000000000100000
00001000000000000000000000010000
00010000000000000000000000001000
00100000000000000000000000000100
01000000000000000000000000000010
10000000000000011000000000000001
00000000000000011000000000000000
01000000000000000000000000000010
00100000000000000000000000000100
00010000000000000000000000001000
00001000000000000000000000010000
00000100000000000000000000100000
00000010000000000000000001000000
00000001000000000000000010000000
00000000100000000000000100000000
00000000010000000000001000000000
00000000001000000000010000000000
00000000000100000000100000000000
00000000000010000001000000000000
00000000000001000010000000000000
00000000000000100100000000000000
00000000000000011000000000000000
31
0000000000000011000000000000000
0000000000000100100000000000000
0000000000001000010000000000000
0000000000010000001000000000000
0000000000100000000100000000000
0000000001000000000010000000000
0000000010000000000001000000000
0000000100000000000000100000000
0000001000000000000000010000000
0000010000000000000000001000000
0000100000000000000000000100000
0001000000000000000000000010000
0010000000000000000000000001000
0100000000000000000000000000100
1000000000000000000000000000010
1000000000000000000000000000001
0100000000000000000000000000010
0010000000000000000000000000100
0001000000000000000000000001000
0000100000000000000000000010000
0000010000000000000000000100000
0000001000000000000000001000000
0000000100000000000000010000000
0000000010000000000000100000000
0000000001000000000001000000000
0000000000100000000010000000000
0000000000010000000100000000000
0000000000001000001000000000000
0000000000000100010000000000000
0000000000000010100000000000000
0000000000000001000000000000000
31
0000000000000001000000000000000
0000000000000010100000000000000
0000000000000100010000000000000
0000000000001000001000000000000
0000000000010000000100000000000
0000000000100000000010000000000
0000000001000000000001000000000
0000000010000000000000100000000
0000000100000000000000010000000
0000001000000000000000001000000
0000010000000000000000000100000
0000100000000000000000000010000
0001000000000000000000000001000
0010000000000000000000000000100
0100000000000000000000000000010
1000000000000000000000000000001
0100000000000000000000000000010
0010000000000000000000000000100
0001000000000000000000000001000
0000100000000000000000000010000
0000010000000000000000000100000
0000001000000000000000001000000
0000000100000000000000010000000
0000000010000000000000100000000
0000000001000000000001000000000
0000000000100000000010000000000
0000000000010000000100000000000
0000000000001000001000000000000
0000000000000100010000000000000
0000000000000010100000000000000
0000000000000001000000000000000
31
0000000000000001000000000000000
0000000000000010100000000000000
0000000000000100010000000000000
0000000000001000001000000000000
0000000000010000000100000000000
0000000000100000000010000000000
0000000001000000000001000000000
0000000010000000000000100000000
0000000100000000000000010000000
0000001000000000000000001000000
0000010000000000000000000100000
0000100000000000000000000010000
0001000000000000000000000001000
0010000000000000000000000000100
0100000000000000000000000000010
0000000000000000000000000000000
0100000000000000000000000000010
0010000000000000000000000000100
0001000000000000000000000001000
0000100000000000000000000010000
0000010000000000000000000100000
0000001000000000000000001000000
0000000100000000000000010000000
0000000010000000000000100000000
0000000001000000000001000000000
0000000000100000000010000000000
0000000000010000000100000000000
0000000000001000001000000000000
0000000000000100010000000000000
0000000000000010100000000000000
0000000000000001000000000000000
31
1000000000000000000000000000001
0000000000000010100000000000000
0000000000000100010000000000000
0000000000001000001000000000000
0000000000010000000100000000000
0000000000100000000010000000000
0000000001000000000001000000000
0000000010000000000000100000000
0000000100000000000000010000000
0000001000000000000000001000000
0000010000000000000000000100000
0000100000000000000000000010000
0001000000000000000000000001000
0010000000000000000000000000100
0100000000000001000000000000010
1000000000000000000000000000001
0100000000000001000000000000010
0010000000000000000000000000100
0001000000000000000000000001000
0000100000000000000000000010000
0000010000000000000000000100000
0000001000000000000000001000000
0000000100000000000000010000000
0000000010000000000000100000000
0000000001000000000001000000000
0000000000100000000010000000000
0000000000010000000100000000000
0000000000001000001000000000000
0000000000000100010000000000000
0000000000000010100000000000000
1000000000000000000000000000001
3
000
010
000
4
1001
1001
1001
1001
4
1111
0000
0000
1111
5
00100
01010
00100
01010
00100
5
00100
01010
10101
01010
00100
5
00100
00000
00100
00000
00100
5
00000
00000
11111
00000
00000
5
10000
01000
00100
00010
00001
5
10001
00010
00100
01000
10001
6
001100
001100
111111
001100
111111
001100
2
10
01
4
1001
0110
0110
1001
4
1001
0000
0000
1001
5
01110
01010
10101
01010
01110
5
00100
01010
10001
01010
01110
6
000000
010010
000000
000000
010010
000000
8
10011001
10011001
10011001
11111111
11111111
10011001
10011001
10011001
8
11111111
00001111
00001111
11111111
11111111
00001111
00001111
11111111
10
0010000100
0101001010
0010000100
0101001010
0010000100
0010000100
0101001010
0010000100
0101001010
0010000100
10
0010000100
0101001010
1010110101
0101001010
0010000100
0010000100
0101001010
1010110101
0101001010
0010000100
10
0000000000
0100000010
0000000000
0000000000
0000000000
0000000000
0000000000
0000000000
0100000010
0000000000
10
0000000000
0100000010
0000000000
0000000000
0000000001
0000000001
0000000000
0000000000
0100000010
0000000000
10
1000000001
0100000010
0000000000
0000000000
1111111111
0000000000
0000000000
0000000000
0100000010
1000000001
10
0000000000
0111111110
0000000000
0000110000
0000110000
0000110000
0000110000
0000000000
0111111110
0000000000
12
001100001100
111111111111
001100001100
111111111111
001100001100
001100001100
001100001100
001100001100
111111111111
001100001100
111111111111
001100001100
32
00000000000000000000000000000000
11111111111111111111111111111111
00000000000000000000000000000000
00000000000000000000000000000000
00000000000000000000000000000000
00000000000000000000000000000000
00000000000000000000000000000000
00000000000000000000000000000000
00000000000000000000000000000000
00000000010000000000001000000000
00000000000000000000000000000000
00000000000000000000000000000000
00000000000000000000000000000000
00000000000000000000000000000000
00000000000000000000000000000000
11111111111111111111111111111111
11111111111111111111111111111111
00000000000000000000000000000000
00000000000000000000000000000000
00000000000000000000000000000000
00000000000000000000000000000000
00000000000000000000000000000000
00000000010000000000001000000000
00000000000000000000000000000000
00000000000000000000000000000000
00000000000000000000000000000000
00000000000000000000000000000000
00000000000000000000000000000000
00000000000000000000000000000000
00000000000000000000000000000000
11111111111111111111111111111111
00000000000000000000000000000000
32
10000000000000000000000000000001
01000000000000000000000000000010
00100000000000000000000000000100
00010000000000000000000000001000
00001000000000000000000000010000
00000100000000000000000000100000
00000010000000000000000001000000
00000001000000000000000010000000
00000000100000000000000100000000
00000000010000000000001000000000
00000000001000000000010000000000
00000000000100000000100000000000
00000000000010000001000000000000
00000000000001000010000000000000
00000000000000100100000000000000
00000000000000011000000000000000
11111111111111111111111111111111
00000000000000100100000000000000
00000000000001000010000000000000
00000000000010000001000000000000
00000000000100000000100000000000
00000000001000000000010000000000
00000000010000000000001000000000
00000000100000000000000100000000
00000001000000000000000010000000
00000010000000000000000001000000
00000100000000000000000000100000
00001000000000000000000000010000
00010000000000000000000000001000
00100000000000000000000000000100
01000000000000000000000000000010
10000000000000000000000000000001
32
10000000000000011000000000000001
01000000000000011000000000000010
00100000000000011000000000000100
00010000000000011000000000001000
00001000000000111100000000010000
00000100000000111100000000100000
00000010000000011000000001000000
00000001000000011000000010000000
00000000100000011000000100000000
00000000010000011000001000000000
00000000001000011000010000000000
00000000000100011000100000000000
00000000000010011001000000000000
00000000000001111110000000000000
00000000000000100100000000000000
10000000000000011000000000000001
11111111111111111111111111111111
00000000000000100100000000000000
00000000000001111110000000000000
00000000000010011001000000000000
00000000000100011000100000000000
00000000001000011000010000000000
00000000010000011000001000000000
00000000100000011000000100000000
00000001000000011000000010000000
00000010000000011000000001000000
00000100000000111100000000100000
00001000000000111100000000010000
00010000000000011000000000001000
00100000000000011000000000000100
01000000000000011000000000000010
10000000000000011000000000000001
32
10000000000000011000000000000001
01000000000000011000000000000010
00100000000000011000000000000100
00010000000000011000000000001000
00001000000000111100000000010000
00000100000000111100000000100000
00000010000000011000000001000000
00000001000000011000000010000000
00000000100000011000000100000000
00000000010000011000001000000000
00000000001000011000010000000000
00000000000100011000100000000000
00000000000010011001000000000000
00000000000001111110000000000000
00000000000000100100000000000000
11111111111111111111111111111111
11111111111111111111111111111111
00000000000000100100000000000000
00000000000001111110000000000000
00000000000010011001000000000000
00000000000100011000100000000000
00000000001000011000010000000000
00000000010000011000001000000000
00000000100000011000000100000000
00000001000000011000000010000000
00000010000000011000000001000000
00000100000000111100000000100000
00001000000000111100000000010000
00010000000000011000000000001000
00100000000000011000000000000100
01000000000000011000000000000010
10000000000000011000000000000001
10
1000000001
0100000010
0000000000
0000000000
1011111111
1111111101
0000000000
0000000000
0100000010
1000000001
20
00111111000011111100
00111111000011111100
00001100000000110000
00001100000000110000
00001100000000110000
00001100000000110000
00001100000000110000
00001100000000110000
00001100000000110000
00001111111111110000
00001111111111110000
00001100000000110000
00001100000000110000
00001100000000110000
00001100000000110000
00001100000000110000
00001100000000110000
00001100000000110000
00111111000011111100
00111111000011111100
32
00000000000000000000000000000000
11111111111111111111111111111111
00000000000000000000000000000000
00000000000000000000000000000000
00000000000000000000000000000000
00000000000000000000000000000000
00000000010000000000001000000000
00000000010000000000001000000000
00000000010000000000001000000000
00000000010000000000001000000000
00000000000000000000000000000000
00000000000000000000000000000000
00000000010000000000001000000000
00000000000000000000000000000000
00000000000000000000000000000000
11111111111111111111111111111111
11111111111111111111111111111111
00000000000000000000000000000000
00000000000000000000000000000000
00000000010000000000001000000000
00000000000000000000000000000000
00000000010000000000001000000000
00000000010000000000001000000000
00000000010000000000001000000000
00000000010000000000001000000000
00000000000000000000000000000000
00000000000000000000000000000000
00000000000000000000000000000000
00000000000000000000000000000000
00000000000000000000000000000000
11111111111111111111111111111111
00000000000000000000000000000000
24
001100001100001100001100
111111111111111111111111
001100001100001100001100
111111111111111111111111
001100001100001100001100
001100001100001100001100
001100001100001100001100
001100001100001100001100
111111111111111111111111
001100001100001100001100
111111111111111111111111
001100001100001100001100
001100001100001100001100
111111111111111111111111
001100001100001100001100
111111111111111111111111
001100001100001100001100
001100001100001100001100
001100001100001100001100
001100001100001100001100
111111111111111111111111
001100001100001100001100
111111111111111111111111
001100001100001100001100
10
1000000001
0100000010
0000000000
0000110000
1011001101
1011001101
0000110000
0000000000
0100000010
1000000001
20
00001100000000110000
00001100000000110000
00001100000000110000
00001100000000110000
00001100000000110000
00001100000000110000
00001100000000110000
00001100000000110000
00001100000000110000
00001100000000110000
00001111111111110000
00001100000000110000
00001100000000110000
00001100000000110000
00001100000000110000
00001100000000110000
00001100000000110000
00001100000000110000
00001100000000110000
00001100000000110000
32
00000000000000000000000000000000
00000000000000000000000000000000
00111111100000000000000111111100
00111111100000000000000111111100
00001110000000000000000001110000
00001110000000000000000001110000
00001110000000000000000001110000
00001110000000000000000001110000
00001110000000000000000001110000
00001110000000000000000001110000
00001110000000000000000001110000
00001110000000000000000001110000
00001110000000000000000001110000
00001110000000000000000001110000
00001110000000000000000001110000
00001111111111111111111111110000
00001111111111111111111111110000
00001110000000000000000001110000
00001110000000000000000001110000
00001110000000000000000001110000
00001110000000000000000001110000
00001110000000000000000001110000
00001110000000000000000001110000
00001110000000000000000001110000
00001110000000000000000001110000
00001110000000000000000001110000
00001110000000000000000001110000
00001110000000000000000001110000
00111111100000000000000111111100
00111111100000000000000111111100
00000000000000000000000000000000
00000000000000000000000000000000
32
00000000000000000000000000000000
00000000000000000000000000000000
00001111111111111111111111110000
00001111111111111111111111110000
00001110000000000000000001110000
00001110000000000000000001110000
00001110000000000000000000000000
00001110000000000000000000000000
00001110000000000000000000000000
00001110000000000000000000000000
00001110000000000000000000000000
00001110000000000000000000000000
00001110000000000000000000000000
00001110000000000000000000000000
00001110000000000000011100000000
00001111111111111111111100000000
00001111111111111111111100000000
00001110000000000000011100000000
00001110000000000000000000000000
00001110000000000000000000000000
00001110000000000000000000000000
00001110000000000000000000000000
00001110000000000000000000000000
00001110000000000000000000000000
00001110000000000000000000000000
00001110000000000000000000000000
00001110000000000000000001110000
00001110000000000000000001110000
00001111111111111111111111110000
00001111111111111111111111110000
00000000000000000000000000000000
00000000000000000000000000000000
32
10000000000000011000000000000001
01000000000000011000000000000010
00100000000000011000000000000100
00100000000000000000000000000100
00100000000000000000000000000100
00000100000000111100000000100000
00000010000000011000000001000000
00000001000000011000000010000000
00000000100000011000000100000000
00000000010000011000001000000000
00000000001000011000010000000000
00000000000100011000100000000000
00000000000010011001000000000000
00000000000001000010000000000000
00000000000000100100000000000000
10000000000000011000000000000001
10000000000000011000000000000001
00000000000000100100000000000000
00000000000001000010000000000000
00000000000100011000100000000000
00000000001000011000010000000000
00000000010000011000001000000000
00000000100000011000000100000000
00000001000000011000000010000000
00000010000000011000000001000000
00000100000000111100000000100000
00100000000000000000000000000100
00100000000000000000000000000100
00100000000000000000000000000100
00100000000000011000000000000100
01000000000000011000000000000010
10000000000000011000000000000001
10
1000000001
0100000010
1011111111
0000000000
0000000000
0000000000
0000000000
1011111111
0100000010
1000000001
20
00001100000000110000
00001100000000110000
00001100000000110000
00001100000000110000
00001100000000110000
00001100000000110000
00001100000000110000
00001100000000110000
00001100000000110000
00111111000011111100
00111111000011111100
00001100000000110000
00001100000000110000
00001100000000110000
00001100000000110000
00001100000000110000
00001100000000110000
00001100000000110000
00001100000000110000
00001100000000110000
31
0000000000000000000000000000000
1111111111111111111111111111111
0010000000000000000000000000100
0010000000000000000000000000100
0010000000000000000000000000100
0010000000000000000000000000100
0010000000000000000000000000100
0010000000000000000000000000100
0010000000000000000000000000100
0010000000000000000000000000100
0010000000000000000000000000100
0010000000000000000000000000100
0010000000000000000000000000100
0000000000000100010000000000000
0000000000000010100000000000000
1000000000000001000000000000001
0000000000000010100000000000000
0000000000000100010000000000000
0010000000000000000000000000100
0010000000000000000000000000100
0010000000000000000000000000100
0010000000000000000000000000100
0010000000000000000000000000100
0010000000000000000000000000100
0010000000000000000000000000100
0010000000000000000000000000100
0010000000000000000000000000100
0010000000000000000000000000100
0010000000000000000000000000100
1111111111111111111111111111111
0000000000000000000000000000000
24
001100001100001100001100
111111111111111111111111
001100001100001100001100
111111111111111111111111
001100001100001100001100
001100001100001100001100
001100001100001100001100
001100001100001100001100
111111111111111111111111
111111111111111111111111
111111111111111111111111
111111111111111111111111
111111111111111111111111
111111111111111111111111
111111111111111111111111
111111111111111111111111
001100001100001100001100
001100001100001100001100
001100001100001100001100
001100001100001100001100
111111111111111111111111
001100001100001100001100
111111111111111111111111
001100001100001100001100
10
1000000001
0100000010
0000000000
0000110000
1011001101
1011001101
0000110000
0000000000
0100000010
1000000001
20
00001100000000110000
00001100000000110000
00001100000000110000
00001100000000110000
00001100000000110000
00001100000000110000
00001100000000110000
00001100000000110000
00001100000000110000
00001100000000110000
00001111111111110000
00001100000000110000
00001100000000110000
00001100000000110000
00001100000000110000
00001100000000110000
00001100000000110000
00001100000000110000
00001100000000110000
00001100000000110000
32
10000000000000000000000000000001
01000000000000000000000000000010
00111111111111111111111111111100
00100000000000000000000000000100
00100000000000000000000000000100
00100000000000000000000000000100
00100000000000000000000000000100
00100000000000000000000000000100
00100000000000000000000000000100
00100000000000000000000000000100
00100000000000000000000000000100
00100000000000000000000000000100
00100000000000000000000000000100
00100000000000000000000000000100
00100000000000000000000000000100
00100000000000000000000000000100
00100000000000000000000000000100
00100000000000000000000000000100
00100000000000000000000000000100
00100000000000000000000000000100
00100000000000000000000000000100
00100000000000000000000000000100
00100000000000000000000000000100
00100000000000000000000000000100
00100000000000000000000000000100
00100000000000000000000000000100
00100000000000000000000000000100
00100000000000000000000000000100
00100000000000000000000000000100
00111111111111111111111111111100
01000000000000000000000000000010
10000000000000000000000000000001
